21 70.38095238

116 17.77273

42 29.79167

81 56.91667

75 130.4762

36 40.125

24 120.2173913

23 34.79166667

94 11.14286

86 33.13043

90 13.86364

52 32.04545

66 29.45

4 154.0416667

25 32.86956522

84 35.17391

107 63.72222

43 28.43478

95 23

71 78.25

5 151.9166667

35 30.33333

29 131.7826087

89 41.13043

76 35.5

85 30.1

33 12.625

8 87.7826087

119 105.0909

50 16.95652

12 156.8333333

121 98.81818

13 116.5909091

70 81.08333

61 30.25

30 263.1304348

32 24.45833333

20 38.2173913

19 18.58333333

92 81.75

120 90.18182

62 26.58333

98 35.31818

110 118.3333

58 95.54167

34 17.04167

79 6.869565

64 64.79167

91 31.17391

9 258.1666667

17 15.56521739

102 106.2727

101 158.6667

109 127.0667

56 141.9565

51 29.20833

96 27.34783

112 43

63 19.75

111 33.375

82 18.17391

7 148.3809524

99 20.08333

27 136.9545455

105 12.58333

104 29.54545

97 22.19048

10 41.91304348

80 32.34783

48 44.6087

65 15.29167

40 70.875

37 27.70833

87 31.42857

74 37.66667

46 154.9583

44 27.82609

31 134.826087

100 59.27273

38 26.875

18 114.3478261

115 16

72 16.16667

55 189.8261

118 110.5652

39 16.58333

3 51.26086957

16 84.83333333

49 15.21739

78 8.434783

114 25.65217

41 11.70833

106 26.66667

15 47.2173913

47 68.75

83 38.70833

57 51.29167

11 102.2105263

93 74.25

88 26.125

14 68.125

53 76.31818

28 48.73913043

69 69.83333

67 37.91667

59 20.95833

54 170.4583

22 11.82608696

103 15.6087

68 15.33333

77 30.90476

6 39.54545455

117 53.16667

113 22.17391

26 27.45833333

45 90.95833

73 64.29167

108 65.70833

60 15.70833

72 16.16667

69 69.83333

121 98.81818

91 31.17391

11 102.2105263

53 76.31818

5 151.9166667

45 90.95833

71 78.25

19 18.58333333

80 32.34783

78 8.434783

119 105.0909

88 26.125

118 110.5652

83 38.70833

66 29.45

33 12.625

77 30.90476

12 156.8333333

56 141.9565

9 258.1666667

46 154.9583

110 118.3333

41 11.70833

50 16.95652

103 15.6087

7 148.3809524

57 51.29167

63 19.75

106 26.66667

21 70.38095238

104 29.54545

44 27.82609

100 59.27273

6 39.54545455

90 13.86364

82 18.17391

81 56.91667

105 12.58333

79 6.869565

84 35.17391

4 154.0416667

10 41.91304348

114 25.65217

51 29.20833

116 17.77273

98 35.31818

39 16.58333

74 37.66667

108 65.70833

85 30.1

92 81.75

37 27.70833

97 22.19048

94 11.14286

38 26.875

59 20.95833

42 29.79167

60 15.70833

47 68.75

20 38.2173913

48 44.6087

18 114.3478261

112 43

109 127.0667

31 134.826087

61 30.25

95 23

36 40.125

89 41.13043

58 95.54167

54 170.4583

30 263.1304348

13 116.5909091

16 84.83333333

67 37.91667

64 64.79167

99 20.08333

49 15.21739

65 15.29167

22 11.82608696

113 22.17391

24 120.2173913

35 30.33333

76 35.5

32 24.45833333

23 34.79166667

93 74.25

86 33.13043

101 158.6667

55 189.8261

40 70.875

14 68.125

43 28.43478

73 64.29167

29 131.7826087

28 48.73913043

15 47.2173913

17 15.56521739

87 31.42857

102 106.2727

68 15.33333

62 26.58333

70 81.08333

120 90.18182

25 32.86956522

75 130.4762

117 53.16667

34 17.04167

107 63.72222

3 51.26086957

27 136.9545455

115 16

96 27.34783

52 32.04545

26 27.45833333

111 33.375

8 87.7826087

27 136.9545455

8 87.7826087

78 8.434783

26 27.45833333

101 158.6667

46 154.9583

72 16.16667

54 170.4583

14 68.125

107 63.72222

12 156.8333333

89 41.13043

35 30.33333

65 15.29167

104 29.54545

69 69.83333

99 20.08333

52 32.04545

68 15.33333

31 134.826087

100 59.27273

57 51.29167

67 37.91667

15 47.2173913

80 32.34783

95 23

21 70.38095238

6 39.54545455

106 26.66667

119 105.0909

10 41.91304348

28 48.73913043

103 15.6087

45 90.95833

108 65.70833

109 127.0667

16 84.83333333

96 27.34783

118 110.5652

114 25.65217

36 40.125

50 16.95652

79 6.869565

44 27.82609

5 151.9166667

88 26.125

13 116.5909091

40 70.875

49 15.21739

39 16.58333

24 120.2173913

47 68.75

70 81.08333

29 131.7826087

112 43

93 74.25

60 15.70833

25 32.86956522

94 11.14286

87 31.42857

120 90.18182

105 12.58333

58 95.54167

92 81.75

11 102.2105263

77 30.90476

56 141.9565

66 29.45

121 98.81818

18 114.3478261

62 26.58333

73 64.29167

117 53.16667

42 29.79167

110 118.3333

53 76.31818

37 27.70833

111 33.375

61 30.25

90 13.86364

97 22.19048

9 258.1666667

86 33.13043

115 16

22 11.82608696

20 38.2173913

19 18.58333333

23 34.79166667

34 17.04167

3 51.26086957

32 24.45833333

84 35.17391

85 30.1

33 12.625

82 18.17391

55 189.8261

59 20.95833

7 148.3809524

4 154.0416667

71 78.25

17 15.56521739

113 22.17391

102 106.2727

75 130.4762

43 28.43478

98 35.31818

91 31.17391

83 38.70833

41 11.70833

81 56.91667

30 263.1304348

74 37.66667

116 17.77273

51 29.20833

64 64.79167

48 44.6087

76 35.5

63 19.75

38 26.875

39 16.58333

84 35.17391

62 26.58333

58 95.54167

50 16.95652

110 118.3333

52 32.04545

111 33.375

31 134.826087

20 38.2173913

86 33.13043

79 6.869565

45 90.95833

83 38.70833

117 53.16667

66 29.45

95 23

9 258.1666667

64 64.79167

29 131.7826087

42 29.79167

16 84.83333333

30 263.1304348

121 98.81818

68 15.33333

17 15.56521739

53 76.31818

82 18.17391

38 26.875

6 39.54545455

69 69.83333

104 29.54545

100 59.27273

34 17.04167

88 26.125

8 87.7826087

11 102.2105263

46 154.9583

98 35.31818

47 68.75

55 189.8261

92 81.75

57 51.29167

51 29.20833

80 32.34783

93 74.25

70 81.08333

115 16

106 26.66667

107 63.72222

103 15.6087

77 30.90476

113 22.17391

12 156.8333333

118 110.5652

3 51.26086957

14 68.125

116 17.77273

90 13.86364

67 37.91667

89 41.13043

81 56.91667

21 70.38095238

23 34.79166667

36 40.125

99 20.08333

48 44.6087

22 11.82608696

114 25.65217

78 8.434783

112 43

101 158.6667

13 116.5909091

4 154.0416667

41 11.70833

5 151.9166667

32 24.45833333

65 15.29167

28 48.73913043

76 35.5

120 90.18182

97 22.19048

40 70.875

73 64.29167

59 20.95833

105 12.58333

71 78.25

60 15.70833

119 105.0909

27 136.9545455

7 148.3809524

72 16.16667

85 30.1

43 28.43478

33 12.625

61 30.25

102 106.2727

18 114.3478261

94 11.14286

54 170.4583

49 15.21739

37 27.70833

96 27.34783

25 32.86956522

15 47.2173913

10 41.91304348

74 37.66667

26 27.45833333

63 19.75

75 130.4762

44 27.82609

56 141.9565

24 120.2173913

91 31.17391

108 65.70833

19 18.58333333

87 31.42857

35 30.33333

109 127.0667

8 87.7826087

52 32.04545

34 17.04167

16 84.83333333

32 24.45833333

111 33.375

67 37.91667

17 15.56521739

113 22.17391

96 27.34783

4 154.0416667

3 51.26086957

20 38.2173913

106 26.66667

99 20.08333

76 35.5

18 114.3478261

91 31.17391

120 90.18182

86 33.13043

36 40.125

24 120.2173913

30 263.1304348

107 63.72222

75 130.4762

31 134.826087

80 32.34783

56 141.9565

61 30.25

39 16.58333

11 102.2105263

54 170.4583

85 30.1

50 16.95652

116 17.77273

118 110.5652

88 26.125

84 35.17391

104 29.54545

62 26.58333

48 44.6087

44 27.82609

59 20.95833

37 27.70833

58 95.54167

19 18.58333333

93 74.25

119 105.0909

97 22.19048

82 18.17391

25 32.86956522

13 116.5909091

115 16

49 15.21739

79 6.869565

100 59.27273

114 25.65217

38 26.875

103 15.6087

64 64.79167

89 41.13043

28 48.73913043

72 16.16667

102 106.2727

121 98.81818

55 189.8261

51 29.20833

15 47.2173913

21 70.38095238

73 64.29167

110 118.3333

63 19.75

9 258.1666667

47 68.75

83 38.70833

105 12.58333

66 29.45

90 13.86364

40 70.875

7 148.3809524

108 65.70833

45 90.95833

26 27.45833333

71 78.25

42 29.79167

92 81.75

22 11.82608696

23 34.79166667

33 12.625

12 156.8333333

14 68.125

69 69.83333

41 11.70833

94 11.14286

112 43

87 31.42857

27 136.9545455

60 15.70833

101 158.6667

109 127.0667

10 41.91304348

53 76.31818

74 37.66667

68 15.33333

81 56.91667

5 151.9166667

78 8.434783

29 131.7826087

98 35.31818

35 30.33333

95 23

70 81.08333

43 28.43478

46 154.9583

77 30.90476

6 39.54545455

117 53.16667

57 51.29167

65 15.29167

15 47.2173913

72 16.16667

106 26.66667

70 81.08333

92 81.75

41 11.70833

48 44.6087

53 76.31818

68 15.33333

75 130.4762

61 30.25

16 84.83333333

107 63.72222

8 87.7826087

99 20.08333

98 35.31818

36 40.125

12 156.8333333

93 74.25

78 8.434783

64 64.79167

95 23

52 32.04545

73 64.29167

47 68.75

54 170.4583

24 120.2173913

113 22.17391

120 90.18182

30 263.1304348

60 15.70833

103 15.6087

56 141.9565

84 35.17391

109 127.0667

38 26.875

101 158.6667

44 27.82609

51 29.20833

43 28.43478

29 131.7826087

67 37.91667

3 51.26086957

31 134.826087

39 16.58333

76 35.5

65 15.29167

55 189.8261

97 22.19048

32 24.45833333

102 106.2727

33 12.625

111 33.375

74 37.66667

35 30.33333

23 34.79166667

80 32.34783

20 38.2173913

121 98.81818

100 59.27273

59 20.95833

63 19.75

115 16

118 110.5652

116 17.77273

88 26.125

86 33.13043

85 30.1

11 102.2105263

108 65.70833

119 105.0909

110 118.3333

58 95.54167

7 148.3809524

83 38.70833

94 11.14286

4 154.0416667

28 48.73913043

10 41.91304348

105 12.58333

49 15.21739

96 27.34783

46 154.9583

22 11.82608696

82 18.17391

13 116.5909091

114 25.65217

18 114.3478261

69 69.83333

66 29.45

9 258.1666667

42 29.79167

91 31.17391

34 17.04167

77 30.90476

26 27.45833333

50 16.95652

14 68.125

90 13.86364

6 39.54545455

104 29.54545

37 27.70833

79 6.869565

17 15.56521739

45 90.95833

27 136.9545455

62 26.58333

87 31.42857

89 41.13043

25 32.86956522

21 70.38095238

57 51.29167

5 151.9166667

19 18.58333333

112 43

71 78.25

81 56.91667

117 53.16667

40 70.875

27 136.9545455

89 41.13043

100 59.27273

113 22.17391

66 29.45

15 47.2173913

39 16.58333

73 64.29167

93 74.25

121 98.81818

37 27.70833

77 30.90476

41 11.70833

106 26.66667

5 151.9166667

75 130.4762

99 20.08333

62 26.58333

46 154.9583

96 27.34783

67 37.91667

70 81.08333

86 33.13043

4 154.0416667

101 158.6667

52 32.04545

58 95.54167

24 120.2173913

98 35.31818

118 110.5652

79 6.869565

63 19.75

55 189.8261

90 13.86364

115 16

81 56.91667

105 12.58333

8 87.7826087

103 15.6087

83 38.70833

112 43

11 102.2105263

47 68.75

50 16.95652

107 63.72222

102 106.2727

59 20.95833

34 17.04167

18 114.3478261

68 15.33333

94 11.14286

17 15.56521739

29 131.7826087

116 17.77273

30 263.1304348

92 81.75

13 116.5909091

119 105.0909

45 90.95833

20 38.2173913

9 258.1666667

44 27.82609

91 31.17391

120 90.18182

14 68.125

7 148.3809524

104 29.54545

36 40.125

40 70.875

76 35.5

43 28.43478

69 69.83333

56 141.9565

110 118.3333

49 15.21739

51 29.20833

80 32.34783

109 127.0667

26 27.45833333

6 39.54545455

85 30.1

84 35.17391

53 76.31818

71 78.25

42 29.79167

61 30.25

114 25.65217

23 34.79166667

28 48.73913043

64 64.79167

57 51.29167

10 41.91304348

25 32.86956522

65 15.29167

117 53.16667

108 65.70833

111 33.375

33 12.625

95 23

16 84.83333333

3 51.26086957

21 70.38095238

54 170.4583

12 156.8333333

88 26.125

97 22.19048

35 30.33333

38 26.875

78 8.434783

82 18.17391

74 37.66667

48 44.6087

72 16.16667

22 11.82608696

31 134.826087

60 15.70833

32 24.45833333

19 18.58333333

87 31.42857

